# File exported by ZBrush version 2018
# www.zbrush.com
#Vertex Count 800
#Face Count 754
#Auto scale x=0.003426 y=0.003426 z=0.003426
#Auto offset x=-0.000000 y=-0.439230 z=-0.003387
v 294.2470756 1.77794584 -100.35803719
v 291.64887457 15.18631089 -100.41607826
v 292.65786543 15.62490235 -90.6215155
v 295.63532956 2.26153152 -90.65867291
v 275.71399656 77.41876439 -100.84206646
v 276.56779954 77.79814057 -90.54314744
v 234.49297481 149.5235529 -100.76137607
v 235.58922297 150.40350392 -90.42429068
v 293.46019425 16.23432921 -64.62674103
v 276.5323817 77.7409345 -65.26839794
v 295.97903567 2.83289638 -64.75115575
v 289.91498358 17.67175238 -53.48292568
v 292.01366438 4.26296983 -52.11762982
v 272.18357232 76.3075428 -54.74700846
v 235.75209979 75.53380397 -48.99311034
v 248.77165144 17.88036274 -48.36489167
v 235.64883835 149.82585483 -65.19622714
v 231.86527051 146.56614611 -55.91868913
v 167.56098662 202.17446818 -90.02183898
v 167.2996496 201.53072812 -65.56149533
v 88.39678042 238.51444753 -65.24261738
v 88.36819913 238.64893442 -90.06953825
v 0.17357487 252.03628535 -65.21172245
v 1.04349221 247.44076881 -56.8562659
v 88.26259796 236.20522544 -56.81351139
v -0.00030947 254.22498938 -90.25323784
v 166.69926856 200.35483767 -58.07344527
v 167.86475198 202.66689963 -99.40707
v 88.32684063 238.51483024 -99.45967489
v -0.00367677 252.81712166 -100.03881567
v 202.79272341 144.53393029 -48.85322206
v 152.40383978 198.4915872 -54.39957096
v 250.78317931 5.45367715 -48.65448381
v 109.75324905 17.63005466 -47.83583773
v 110.26145848 5.12370503 -47.81491929
v 0.76394459 18.40495901 -48.1252907
v 0.76371355 6.14348128 -48.36925367
v -108.59747248 17.56663829 -48.34658695
v -109.03588129 5.14899852 -48.19884881
v -250.41903315 5.43873417 -54.17062926
v -248.43525157 17.878484 -51.9365309
v -235.42474573 75.52004824 -52.10259115
v -105.78116298 74.98238773 -47.86481043
v 0.76452626 75.27291924 -47.81527155
v 106.9462376 75.10401913 -47.83062334
v 99.41838162 143.7586802 -47.85041106
v 0.76341259 143.66967136 -48.02657392
v -290.28017348 1.07034582 -98.9376358
v -289.80255456 1.24257288 -90.37742641
v -289.14584593 14.98531988 -90.44477423
v -288.69151997 14.6477371 -99.38739536
v -289.46692011 1.69192364 -64.73617797
v -289.42913644 15.42717305 -64.84655863
v -272.07521391 76.11822872 -90.27022483
v -270.76696321 75.57105271 -99.17844578
v -273.36920007 76.48133113 -65.30332
v -230.68778399 146.16442721 -65.40720768
v -230.77486734 146.49370785 -90.07320876
v -284.88057115 16.03730444 -57.53063126
v -270.7971971 75.55904526 -56.67207054
v -287.11278207 3.0549276 -57.51387041
v -229.01154266 144.52668059 -57.99506852
v -170.62102859 206.78848515 -65.12454342
v -168.11492089 202.67328388 -54.36152201
v -86.68466896 235.54296755 -57.3077259
v -88.09569402 238.3226502 -65.24214334
v -152.47606711 198.81629274 -51.07236003
v -85.31221908 228.75731182 -54.32842216
v -202.49106294 144.45450109 -54.53107882
v -88.87607804 240.42834151 -90.17407827
v -170.96355178 207.49938167 -90.37897464
v -230.12713494 145.97817262 -99.10756662
v -170.27553072 206.44101286 -100.70534422
v -99.44157021 144.46836772 -50.0595682
v 0.75803178 199.98649912 -48.40704603
v -87.30834298 198.33610359 -50.30408783
v 88.5594398 198.33236784 -49.06180198
v 0.77635635 238.29209449 -52.43455074
v 86.30076118 228.29039131 -54.38748958
v -88.63807748 239.58449763 -99.78570686
v -280.07635727 5.20950979 89.95657866
v -278.9896594 1.63690944 89.71675154
v -277.92159243 2.29625353 100.4675872
v -279.00599405 5.34013481 101.42999212
v -280.12654414 5.11257172 43.17073802
v -279.03374035 1.95995803 43.11995969
v -280.12386518 5.04429323 -14.467957
v -278.9342538 1.81655581 -14.25742114
v -280.14277441 14.89169572 43.17189484
v -280.12388258 14.9566864 -14.47039676
v -279.687022 18.63045199 43.12934472
v -279.62323162 18.67832522 -14.26116776
v -260.71831748 19.78787246 43.17416499
v -260.74143649 19.7931086 -14.10290952
v -278.77062896 18.7545188 -48.20850783
v -279.73999219 15.04696188 -48.87938098
v -278.954085 18.91857853 -54.31274855
v -279.94080924 15.17492534 -55.21844318
v -260.55928513 19.81992421 -47.33596523
v -260.50869816 19.82800456 -53.65476568
v -180.11368734 20.00595484 -47.76055308
v -180.1043284 20.00538947 -54.18394139
v -180.14913997 19.97536433 -14.16384699
v -67.81803861 20.00461536 -14.11336874
v -67.82109593 20.00236261 -47.77338248
v -67.81890406 20.00236261 -54.21497984
v -279.97123449 4.86935243 -48.65515789
v -279.94080924 4.82509753 -55.21843013
v -278.66867221 1.54740808 -47.89551835
v -278.95137126 1.08408849 -54.31280944
v -260.50869816 0.17198351 -53.65476568
v -260.55925034 0.18007256 -47.33596089
v -260.74143649 0.20689687 -14.10291278
v -180.30458879 17.44383268 43.32557798
v -67.81164566 19.95982119 43.23127103
v 63.89533486 20.0048763 -14.16936363
v 63.89409976 20.01010373 43.24243043
v 63.89123815 20.00258875 -47.86765899
v 187.27149999 20.00769442 -14.16530497
v 187.24050068 20.00519812 -47.75285109
v 63.89006393 20.00260615 -54.3210072
v 187.23201154 20.00450229 -54.1725428
v 187.25660919 20.01430482 43.2338978
v 187.13243801 19.85416783 90.27472164
v 63.8864717 19.85562908 90.3133664
v -67.77304874 18.7735498 90.15088968
v -180.03458866 19.85538554 90.27373878
v -179.95947362 18.43011333 101.4859022
v -67.79961647 18.53997647 101.58170954
v -260.32865169 19.64055618 90.00187731
v -259.92566072 18.3934343 101.38095338
v -179.98029639 14.92836605 102.53159818
v -67.8040437 14.94154336 102.52871048
v -260.03107924 14.81452797 102.42504025
v -279.19952226 18.40007949 89.72155278
v -278.95231063 14.65629583 101.37471698
v -277.57044093 17.17909479 99.96116954
v -280.07632248 14.79053917 89.95657866
v -260.03982932 5.19026134 102.39771145
v -179.98055733 5.07147416 102.53124157
v -259.94009923 1.45514078 101.41153518
v -179.96568392 1.12312466 101.90983771
v -260.32865169 0.35944929 90.0018947
v -260.71831748 0.21213301 43.17416934
v -180.13840676 -0.01436892 43.23328894
v -180.03472783 0.14545493 90.27402581
v -180.14827018 -0.01010695 -14.16332403
v -67.82645383 -0.00957638 43.22799627
v -67.82919802 -0.00460118 -14.12628403
v 63.88646735 0.14435899 90.3133577
v -67.81049319 0.14540274 90.26284031
v 63.89411715 -0.01010695 43.24243043
v 187.13240322 0.14582894 90.27471294
v 187.25662658 -0.01428194 43.23389345
v 187.04516331 1.11113026 101.92366736
v 63.88531488 1.09785727 101.93283495
v 262.41185024 1.26529178 101.68255296
v 262.83357647 0.34681994 89.95494345
v 187.06271567 5.0746141 102.53148511
v 63.88739368 5.05372175 102.53255495
v 262.51241532 5.1962368 102.42256135
v 263.27083716 0.19291066 43.16201402
v 279.63714826 1.22678619 -14.28702661
v 279.59586804 1.29836119 43.13167141
v 263.29374742 0.18750056 -14.06711985
v 187.27174353 -0.00987211 -14.16685864
v 279.08540585 1.65793226 89.74806397
v 63.89533486 -0.00486212 -14.16936472
v -67.82109158 -0.00235713 -47.77338248
v 63.8912338 -0.00260067 -47.86765899
v 187.24050068 -0.00519264 -47.75285979
v -67.80180399 1.10072757 101.91129026
v -67.80400456 5.06088882 102.52871048
v -180.11368734 -0.00595806 -47.76055308
v -180.1043284 -0.00538399 -54.18394574
v -67.81890406 -0.00234843 -54.21498854
v 63.89005524 -0.00260936 -54.3210072
v 187.23201154 -0.00449681 -54.1725428
v 278.02584543 2.06065359 100.63061189
v 278.39263575 5.34678 100.65182606
v 280.03519882 5.19005259 89.97347867
v 280.03939121 14.81056173 89.97352216
v 280.1097572 5.08531251 43.17332129
v 280.11054001 14.91538879 43.17381707
v 278.96758414 18.28585001 89.74198414
v 277.46152586 17.01414787 99.66902457
v 278.14752901 14.36620356 100.31792249
v 279.26258202 18.43086135 43.12865324
v 279.27192356 18.52720795 -14.28999911
v 280.09382265 14.9807013 -14.47968068
v 279.68375159 15.0286702 -48.9653249
v 278.18585194 18.25234571 -48.62789433
v 280.09350952 5.0195912 -14.47897071
v 279.96316284 4.85175658 -48.67929891
v 279.1642262 1.0538807 -47.98598518
v 279.92854521 4.80550116 -55.25754023
v 279.03046994 1.00498112 -54.43038326
v 279.92824948 15.18586729 -55.25181701
v 263.09976692 0.16616462 -47.23430856
v 263.04653579 0.15966729 -53.53637426
v 279.02225912 18.99198009 -54.42027196
v 263.09976692 19.83385824 -47.23430856
v 263.04653579 19.84033818 -53.53637426
v 263.29374742 19.81251361 -14.06711768
v 263.27087195 19.80708612 43.16200968
v 262.83359387 19.65316813 89.95494345
v 262.39207122 18.30750777 101.41442288
v 262.51238053 14.80375998 102.42256135
v 187.06271567 14.92540007 102.53147641
v 63.88738933 14.94628372 102.53255495
v 63.87848268 18.63009538 101.45958237
v 187.04373686 18.60792444 101.54706582
v 293.88322517 3.77738363 -100.37641584
v 292.08477838 15.36172138 -97.93275905
v 295.21696071 4.28990722 -90.6554199
v 294.85411924 1.98832188 -97.90282089
v 294.42103355 3.97686121 -97.90468224
v 285.29556522 41.44779332 -100.29778686
v 276.05904214 77.57141248 -98.18198859
v 285.48173501 41.67008548 -90.49881426
v 285.70502742 41.6116878 -97.91786825
v 258.39397844 114.57021079 -100.85876643
v 234.96603604 149.90357707 -98.11399713
v 259.45774865 115.17541264 -90.42899624
v 258.83287433 114.8182335 -98.18478062
v 292.96747577 15.81339448 -77.61506288
v 276.72564897 77.86965033 -77.70214622
v 286.17231325 42.00004021 -64.98802123
v 284.35015599 41.48519428 -77.609992
v 295.65098578 4.82180972 -64.76940828
v 291.85543223 16.79206446 -57.25195499
v 291.86353867 6.27422807 -52.38576859
v 294.90947265 3.63597322 -56.90320845
v 294.4427435 5.57121184 -56.94567594
v 295.97406047 2.53154904 -77.59613625
v 295.61511565 4.5108686 -77.60013729
v 283.17767946 42.40543179 -54.09137402
v 263.3405421 76.1094308 -50.86065757
v 244.34349984 42.30966795 -49.00360435
v 279.36902688 17.70584814 -49.44480953
v 273.71923824 42.61995673 -50.45143021
v 274.6707012 76.82926876 -57.72953042
v 259.08384345 115.03158748 -64.87249141
v 233.90247457 147.62427574 -58.61418049
v 254.64120115 112.27232314 -55.23403851
v 256.82741759 113.26256459 -58.56650732
v 285.59609496 42.08187002 -57.46632336
v 235.85786622 150.5850573 -77.69156958
v 259.80959598 115.38297491 -77.69574457
v 203.1952099 178.47809128 -90.17004245
v 167.27226862 201.69784082 -77.61615012
v 203.75537187 178.85472327 -65.38077912
v 204.19748598 179.59400538 -77.63928652
v 130.09647355 223.96544896 -65.28942076
v 129.82723014 223.57987988 -90.07325225
v 88.39651949 238.71912645 -77.60118103
v 129.66479692 223.19005753 -77.59974588
v 0.74967705 249.04235609 -59.31380889
v 45.27360685 243.96296684 -57.08694283
v 88.28816978 237.48836531 -58.49592823
v 44.70052851 246.37899911 -65.47164605
v 45.15253213 245.30811402 -59.42881249
v 0.03058418 254.45142174 -77.62683113
v 44.82558252 248.50174699 -90.1057302
v 44.64082614 247.05908769 -77.59436188
v 167.15357712 200.88325666 -59.31193014
v 130.11700059 222.8468559 -54.75050936
v 130.46333345 224.13802393 -58.4577836
v 130.41454695 224.90637007 -99.93662407
v 88.37128689 238.66579964 -97.3245412
v 167.99922147 202.87100448 -97.31384279
v 130.29828216 224.64022312 -97.51055443
v 203.8966779 179.28560405 -100.28848011
v 203.88119565 179.2628373 -97.74696327
v 44.65477757 247.29086925 -99.33353798
v -0.00465117 253.5023246 -97.71585089
v 44.74107375 247.91044655 -97.32926416
v 202.335301 177.02068469 -53.87008647
v 204.31593394 179.08502184 -57.92168437
v 224.80750107 145.66047323 -52.16658158
v 163.53467786 199.28916262 -56.64335443
v 179.06470355 174.19373766 -50.82750553
v 196.9272791 175.41253919 -52.1760014
v 221.65433942 110.78121219 -48.89410652
v 247.19458353 111.57539761 -51.10172848
v 250.48508498 7.28528902 -48.63646611
v 281.8295576 4.85528793 -49.65115844
v 281.49268804 6.72484002 -49.6376506
v 110.19665045 6.97461754 -47.81111831
v 185.68169836 5.28444217 -48.07476896
v 184.43212367 17.69933341 -48.34044623
v 185.49669409 7.12305585 -48.1476008
v 0.76374807 7.96236813 -48.26409609
v 49.92339392 5.69816634 -49.08314662
v 49.85401514 18.02717455 -48.54961326
v 49.91310431 7.52041928 -49.0706086
v -48.3829659 18.0286271 -47.84771906
v -108.97103846 6.97846201 -48.20585062
v -48.45250994 5.69197344 -47.87561756
v -48.44228121 7.52208057 -47.8665674
v -184.925451 5.29077424 -50.43710042
v -183.68140817 17.70526538 -48.90408301
v -250.12116497 7.27906133 -54.12356494
v -184.74161224 7.12972713 -50.10955501
v -243.98692085 42.29813454 -53.71643812
v -107.76250915 41.75019311 -49.1049218
v -175.67318472 75.22524607 -50.24184133
v -180.95317358 42.08893271 -48.60851977
v 0.76317938 42.55442677 -47.89133466
v -47.87357356 75.18821912 -47.84746682
v -48.2228898 42.25470594 -47.855408
v 109.27391664 41.67103355 -47.92372998
v 49.7071729 74.79028598 -47.9772003
v 49.69442613 42.25373177 -48.81860877
v 103.79926885 110.1806561 -47.8678112
v 47.79245262 143.6842175 -47.82363893
v 0.81987478 110.09015448 -48.16073028
v 48.72091399 110.13069647 -47.81174021
v 156.26273141 143.96651754 -49.12771029
v 176.42226502 75.22465896 -48.44612133
v 167.8981693 110.35177853 -48.77639788
v 181.70107096 42.08475772 -48.38044351
v -290.11418282 1.13441453 -97.19006301
v -289.59740596 3.2662952 -90.38190583
v -288.84587286 14.76805511 -97.43343017
v -290.39561197 3.14298511 -99.12771095
v -290.22741204 3.20748002 -97.27135356
v -289.72444744 1.40733714 -77.51504576
v -289.39399694 3.70648707 -64.75009895
v -290.2585853 15.32363329 -77.57700088
v -289.43792132 3.39413689 -77.51884674
v -286.03332085 41.80083227 -90.529283
v -271.2331357 75.76561162 -97.35500124
v -284.94182174 41.36409346 -100.17191089
v -285.43822813 41.54821055 -97.87477017
v -254.05193602 111.85166239 -65.56234338
v -230.54684327 146.27156356 -77.6095919
v -253.83829827 111.96149182 -90.1160807
v -273.28526536 76.58376627 -77.63836455
v -253.98670179 112.01749215 -77.61065304
v -284.23010761 41.46504995 -64.95565201
v -285.01559731 41.64246096 -77.62176026
v -287.29107156 15.46243433 -59.44640833
v -279.90199923 41.43886928 -57.74746114
v -272.52063323 75.79455822 -58.9855546
v -281.622739 41.35527379 -59.92715415
v -286.63942511 4.93619577 -57.6235509
v -281.22103532 4.74795588 -56.24305546
v -278.99313856 17.39243681 -55.54433164
v -280.89575137 6.61816901 -56.0933603
v -288.95082168 2.14449262 -59.43133053
v -288.62381554 4.08138384 -59.56778749
v -264.06267631 75.87049521 -54.09726685
v -273.74319225 42.15572387 -55.93889
v -252.49522119 110.69632833 -58.36685579
v -230.18038347 145.28581457 -60.08667358
v -253.48304136 110.95937231 -60.01095839
v -204.08817081 179.21634269 -65.26951562
v -201.07848966 175.38747185 -56.96502006
v -169.69658129 205.00523359 -56.85126461
v -202.97645779 177.42570662 -58.56167563
v -128.42390273 221.11774005 -56.51316865
v -87.43928982 237.12802013 -59.09922307
v -130.12035797 224.33924978 -65.2026201
v -129.27313061 222.65367561 -58.7111403
v -122.08842406 216.91884762 -54.5274083
v -86.33050799 233.53577123 -55.7231604
v -164.83786639 201.22345751 -52.47123413
v -127.07599831 219.69115446 -55.41524615
v -224.5873399 145.04171135 -56.33315698
v -179.23102474 174.26596065 -50.83017579
v -196.82626172 174.98879504 -54.16146603
v -88.37473995 238.82210085 -77.60198994
v -131.24884054 226.75127233 -90.26892884
v -170.99124588 207.52223975 -77.65099389
v -131.02683541 226.29542424 -77.62103833
v -44.82302969 248.48401198 -90.10518223
v -44.96847158 251.05728484 -65.00621723
v -45.208477 251.57236561 -77.62430874
v -43.59261212 246.16388272 -55.84949736
v -44.16167204 248.42557951 -58.02580254
v -205.13404075 180.66832614 -90.33679853
v -204.89281327 180.35729369 -77.65830013
v -230.50484982 146.28123779 -97.21689603
v -170.5916123 206.92759931 -98.06260126
v -204.23539141 179.66781139 -100.43839706
v -204.57133899 180.04186445 -97.90968353
v -252.76219444 111.35534951 -98.90761936
v -253.1309157 111.56272042 -97.14475567
v -221.45922819 110.73842941 -54.71725295
v -247.1082482 111.18969588 -56.26837069
v -102.53497732 109.91003082 -48.31881021
v -155.52102693 143.96632727 -49.91378274
v -167.15557763 110.35149585 -50.05758942
v 0.76291348 173.771059 -47.81043987
v -44.00928488 199.5839474 -49.36328414
v -92.81868693 173.5291009 -49.2912525
v -46.32449113 143.68544282 -47.92904874
v -45.14152929 173.68250571 -47.88725535
v 94.04236798 173.52613927 -47.89029526
v 45.48219982 199.58174683 -48.9456981
v 46.99467715 174.15691946 -49.77347262
v 126.81648785 197.34928802 -49.98668417
v 142.09695348 173.56928519 -48.65351399
v 0.7670426 222.2711247 -49.45161998
v 84.96598189 216.98467331 -54.4525455
v 44.96664937 235.70553125 -53.91849027
v 44.82502586 220.83904203 -53.23549225
v -43.51610542 235.94998565 -51.75138311
v 0.89480907 245.53660778 -54.63547533
v -43.56057341 243.48057277 -53.80740943
v 87.79334642 233.72542018 -55.57106028
v 45.08134419 242.20184273 -55.28365132
v 122.72293566 217.03472101 -50.54735496
v 113.57973232 212.15918437 -49.76126512
v 128.25905148 220.41283638 -52.95141023
v -83.7226349 217.14080926 -53.75765311
v -43.33723316 220.84542629 -49.62863958
v -126.06581584 197.38251399 -52.0056096
v -112.74476899 212.23952685 -54.26914599
v -141.33462629 173.57067685 -49.23081516
v -47.25103462 110.13148254 -47.87693529
v -88.7873334 240.09727345 -97.55684464
v -130.87893637 225.93458328 -100.26956218
v -131.04524886 226.29669413 -97.79343613
v -44.6358379 247.10429936 -99.27953274
v -44.68055813 247.41240497 -97.25193115
v -279.52543247 2.85042265 89.79187528
v -278.26630749 2.20225535 98.37163754
v -278.34340565 3.15161343 100.81886917
v -279.76636422 5.35122462 98.96165939
v -278.88185767 3.31076755 98.43067887
v -280.11156636 5.1494856 70.35157513
v -279.76733838 2.81903194 43.1397822
v -279.04464751 1.75480074 70.20784673
v -279.6886746 2.81483085 70.26584866
v -279.57088768 2.83917627 -14.37497322
v -279.21394338 1.72619335 13.25311845
v -280.14854982 5.08575611 13.20587474
v -279.84810706 2.7389243 13.22509165
v -280.15225512 14.915354 13.20529741
v -280.04372276 10.00001578 -14.5028671
v -280.04866317 10.00001578 43.181967
v -280.05489086 10.00000708 13.19789768
v -280.27413006 17.5422233 43.1464187
v -279.72165703 18.6399588 13.25513419
v -280.22169913 17.61477246 -14.37928846
v -280.29324803 17.56346356 13.22632675
v -275.97515962 19.32415278 43.14170443
v -260.77499298 19.79000345 13.3048405
v -275.95177967 19.34571486 -14.15488054
v -276.02682513 19.32674475 13.2843015
v -279.36643491 18.77057512 -35.00305602
v -279.41105512 17.6960891 -48.73878382
v -280.05316868 15.04176923 -35.49169953
v -280.03711236 17.72738413 -35.28006665
v -278.97694308 18.91037642 -53.31863545
v -279.74072282 17.90544748 -54.82725961
v -279.94700215 15.16757562 -54.20139807
v -279.75714445 17.89558406 -53.82009531
v -260.51656106 19.82674337 -52.67705246
v -275.43813406 19.4783404 -53.84479734
v -275.54783194 19.4477412 -47.50033809
v -275.45559944 19.4737653 -52.8626221
v -226.9850892 19.97567746 -47.51283697
v -180.10577225 20.00546775 -53.19005444
v -226.9668932 19.97537303 -53.87551831
v -226.96971131 19.97543392 -52.89100769
v -126.8266296 20.00886863 -14.15035655
v -67.82185699 20.00265833 -34.85922325
v -126.80749423 20.00635494 -47.81160539
v -180.1295871 20.03617133 -34.88015256
v -126.81695754 20.00677244 -34.89655027
v -227.0525153 19.97905224 -14.12714947
v -260.65029993 19.80567706 -34.64338928
v -227.01810641 19.97648636 -34.74189297
v -67.81923892 20.00236261 -53.21826172
v -126.80227549 20.00629405 -54.25540766
v -126.8030757 20.00628536 -53.25835467
v -275.75371116 19.39604959 -34.75205428
v -279.92045616 9.97578344 -48.83306903
v -279.97920176 10.00000708 -55.35740513
v -279.94700215 4.83244725 -54.20140242
v -279.98137623 10.00001578 -54.33686347
v -279.52393643 2.46359237 -48.32496832
v -279.74002699 2.09528862 -54.82729005
v -278.96067801 1.10544183 -53.31899641
v -279.74841176 2.11291056 -53.82029101
v -275.43808187 0.52168247 -53.84480169
v -260.51652627 0.17325341 -52.67704812
v -275.55103276 0.55119443 -47.49720685
v -275.45558204 0.52624017 -52.8626308
v -278.82514738 1.61332944 -34.99918546
v -280.05318607 4.95843629 -35.4911994
v -279.5116724 2.63514099 -35.27613955
v -260.65029993 0.19431971 -34.64338928
v -275.94610865 0.65439498 -14.15117415
v -275.75334585 0.60399067 -34.751789
v -280.0183249 10.00001578 -35.56697114
v -227.02522129 19.97527735 43.2100786
v -180.1593687 19.77056365 13.33517115
v -227.06632756 19.86787572 13.31032561
v -126.82264596 19.76058716 43.23286709
v -67.81036272 20.00786837 13.344853
v -126.82976084 19.93598895 13.3268864
v -3.18260077 20.00287578 -14.13805555
v -3.18202889 20.00798145 43.23312803
v 63.89581324 20.00892952 13.32267336
v -3.18297668 20.00686812 13.33329241
v 63.89333434 20.00289318 -34.93509935
v -3.18142003 20.00062303 -47.8012288
v -3.18194843 20.00090136 -34.88375132
v 129.1383132 20.00944269 -14.18868818
v 187.25580898 20.00677244 -34.87981987
v 129.12647537 20.00684202 -47.89071276
v 129.13245952 20.00731171 -34.95840102
v 63.89024659 20.00259745 -53.32246687
v -3.1811379 20.00062303 -54.24665758
v -3.18118138 20.00061433 -53.24934365
v 187.23336841 20.00460666 -53.17922121
v 129.12314407 20.00675504 -54.34351301
v 129.12365725 20.00676374 -53.34506836
v 129.13311186 20.01455706 43.24617053
v 187.27708404 20.01411346 13.31306762
v 129.13983534 20.01351331 13.31431142
v 187.20139494 19.9887156 70.51107282
v 63.89022919 19.98681077 70.5357357
v 129.09794626 19.85866465 90.3261958
v 129.11655976 19.9907857 70.54639933
v -67.80749241 19.60385105 70.47933854
v -3.17510618 19.85358508 90.2790445
v -3.17902077 19.9846102 70.50919407
v -180.09155989 19.95868177 70.51021607
v -126.7910726 19.85976058 90.28289766
v -126.80907725 19.97163294 70.51290807
v -179.98725471 19.48947371 99.44055691
v -126.78600172 18.24016865 101.35059772
v -67.7955763 19.04976022 99.40283413
v -126.78121788 19.41361935 99.41201911
v -260.09173837 19.33185042 99.17516667
v -226.55374308 18.60404518 101.58750234
v -226.77131228 19.81695823 90.17233869
v -226.63696456 19.41610695 99.34551499
v -126.78178324 14.94081274 102.53328558
v -67.80200404 17.52685411 102.05908492
v -179.96422268 17.49690725 102.10668852
v -126.78326189 17.4549399 102.08530908
v -259.94660526 17.41906107 102.08507424
v -226.59277925 14.88287605 102.50654824
v -226.55748318 17.54414553 102.26801711
v -260.55726722 19.76116992 70.33767589
v -226.91496675 19.8745818 70.44152878
v -275.56294888 19.22430092 89.82084797
v -279.55392678 18.57114973 70.20949498
v -275.81844091 19.30860094 70.24297753
v -278.00498787 16.51316639 100.36908352
v -278.09443704 17.53509102 98.21805877
v -280.03058894 17.38884458 89.8149595
v -279.9050087 14.7242351 99.00279175
v -278.94839658 16.66821511 98.41190011
v -280.028658 10.00001578 90.01117536
v -279.12515524 10.00000708 101.53446256
v -279.94155726 10.00001578 99.0720618
v -280.11154896 14.85058945 70.35172734
v -280.20646042 17.50546598 70.26850586
v -280.03041498 10.00001578 70.38447927
v -275.22635766 5.26314972 102.18789208
v -260.05797313 9.99999839 102.42456186
v -275.22734922 14.73858663 102.19143213
v -275.2861644 9.99999839 102.22101367
v -179.98582825 9.99998099 102.51640296
v -226.60333849 5.11510281 102.50452163
v -226.61669846 9.99998969 102.49288384
v -259.95363316 2.63708063 101.98361327
v -226.56468504 1.17026726 101.84317702
v -179.96811933 2.29548811 102.48320308
v -226.56769451 2.35414673 102.43908735
v -274.934578 1.79101008 101.11293638
v -275.00588336 2.74454314 101.81409126
v -274.83881416 17.92540915 100.76160222
v -274.94153632 17.0189665 101.5099258
v -275.22472246 18.91120272 98.88283035
v -275.56181816 0.77573934 89.81969115
v -275.97058453 0.6754004 43.14056501
v -260.55726722 0.23786139 70.33768459
v -275.81720581 0.69143933 70.24219472
v -227.02525609 0.01918756 43.21004816
v -180.09197739 0.0111594 70.50975943
v -226.77129489 0.18293417 90.17233869
v -226.91548862 0.04723827 70.44222026
v -260.77499298 0.20998463 13.3048405
v -227.0524805 0.02124896 -14.12715491
v -180.15498496 -0.01422106 13.31555848
v -227.06484891 0.01783068 13.31149656
v -126.82506398 -0.01371658 43.23430225
v -126.82661221 -0.00884576 -14.1503609
v -67.82923716 -0.00858482 13.33755872
v -126.83059584 -0.01286419 13.32736588
v -3.17511188 0.1464204 90.2790445
v -67.8195651 0.0140384 70.496269
v -3.18202182 -0.00799336 43.23312803
v 63.89022919 0.01319471 70.53573136
v -3.17901887 0.01539527 70.50918537
v 129.09794626 0.14133213 90.3261784
v 129.13311186 -0.01453418 43.24616618
v 187.20139494 0.01130726 70.51105977
v 129.11655107 0.00921107 70.54638628
v 187.0753972 0.4847338 99.44821106
v 129.08119411 1.09778768 101.94267227
v 63.88498001 0.47876704 99.47641834
v 129.08565613 0.4772971 99.48854321
v 232.59625918 1.15516771 101.84916118
v 232.84039175 0.18400401 90.13417232
v 262.57194373 0.6584743 99.13210338
v 232.68609106 0.52268273 99.32669274
v 129.08776972 5.05401748 102.53726921
v 63.88637168 2.27343025 102.48762162
v 187.04749435 2.29587082 102.48643
v 129.08346426 2.27384775 102.49461473
v 232.63896585 5.1263057 102.50054669
v 262.4260626 2.45316359 102.32295303
v 232.59838147 2.35479038 102.44244474
v 263.07727416 0.22152674 70.29888327
v 233.13812077 0.01890922 43.20046743
v 233.00986158 0.04758619 70.41483059
v 279.72722368 1.26297814 13.24917178
v 276.52300537 0.61058367 43.13579421
v 263.33224431 0.18972722 13.31429511
v 276.5067403 0.58869107 -14.14910949
v 276.58015055 0.6059129 13.2863379
v 187.27711883 -0.01411668 13.31306871
v 233.16760664 0.02104021 -14.09798434
v 233.18324546 0.01730881 13.31862231
v 279.39729505 1.48045167 70.21803631
v 276.08440521 0.76802431 89.80482645
v 276.35350075 0.63344175 70.22425531
v 63.89581759 -0.00891534 13.32267336
v 129.1383219 -0.00943721 -14.18869144
v 129.13985273 -0.01349043 13.31431359
v -67.82505782 -0.00264416 -34.86309381
v -3.18142194 -0.00061755 -47.8012201
v 63.89333434 -0.0028877 -34.93509935
v -3.18259316 -0.0028616 -14.13805664
v -3.18194598 -0.00090458 -34.88375132
v -3.18296554 -0.00686264 13.33329132
v 129.12646667 -0.00683654 -47.89070406
v 187.25582638 -0.00674087 -34.87982204
v 129.13243343 -0.00729753 -34.95840102
v -3.16978333 1.10025789 101.91684821
v -67.8042394 0.47994126 99.43615577
v -3.17175884 0.48046313 99.4484633
v -179.98899429 0.48376833 99.44756741
v -126.7910813 0.14246285 90.28288897
v -126.77625138 1.09961424 101.92264101
v -126.77993059 0.47816689 99.45324714
v -126.80905985 0.01028961 70.51286893
v -260.09175577 0.66581532 99.17537542
v -226.64047851 0.52059523 99.36067542
v -67.80240414 2.28017981 102.47829747
v -126.78177455 5.05918403 102.53328558
v -126.77818231 2.27852721 102.48526449
v -3.17005406 5.05863606 102.52837996
v -3.16952919 2.27819669 102.47965434
v -180.13066563 -0.00722795 -34.88110281
v -126.80749423 -0.00634946 -47.81160974
v -126.81695754 -0.00676696 -34.89655897
v -180.10575486 -0.00547967 -53.19004574
v -126.80227549 -0.00627988 -54.25542506
v -67.81924327 -0.00233973 -53.21826607
v -126.80309309 -0.00630597 -53.25835032
v -226.9850892 0.02431932 -47.51283697
v -226.9668584 0.02463244 -53.87551831
v -226.96967652 0.02458025 -52.89100334
v -3.18114007 -0.00062624 -54.24665758
v 63.89024659 -0.00260936 -53.32247122
v -3.18118437 -0.00061755 -53.249348
v 187.23336841 -0.00458379 -53.17921686
v 129.12313537 -0.00674087 -54.34351736
v 129.12365725 -0.00674956 -53.34506401
v -227.01810641 0.02351041 -34.74189297
v -276.02425055 0.67332161 13.28483425
v -275.23340296 1.00040603 98.9115769
v 278.7145971 1.80674458 98.59370355
v 275.52509563 1.47638975 101.37923119
v 275.7642878 0.96810204 98.89742542
v 278.22373998 2.89987019 100.71842586
v 275.75819928 5.26242779 102.20896709
v 275.602994 2.58031815 102.03887971
v 279.61608195 2.68770239 89.83705216
v 279.56961779 5.27556162 98.92824207
v 279.32101449 2.82174568 98.66239954
v 280.00762649 10.00000708 90.02288273
v 280.07092978 5.13010668 70.3566721
v 280.04074808 9.99999839 43.18244539
v 280.08154122 14.87243857 70.35890746
v 280.02145614 10.00001578 70.38721476
v 279.65094312 17.28509606 89.83428623
v 278.43638617 17.67183936 98.32521687
v 277.72007955 16.29216152 99.89193428
v 279.46252928 14.68890425 98.81109879
v 279.09570416 16.87975666 98.55493703
v 279.82540554 17.46799544 43.14746244
v 279.13303554 18.28251871 70.22336813
v 279.75740538 17.3908103 70.28224419
v 279.23095646 18.39379961 13.24473694
v 280.11958582 14.93989946 13.20303813
v 279.90311256 17.53913554 -14.40639329
v 279.77003473 17.37601518 13.21576859
v 280.02844925 15.0576081 -35.49918842
v 279.01239571 17.40981521 -49.04076611
v 279.03831544 18.42709516 -35.05668291
v 279.85889245 17.64996415 -35.32767024
v 280.03474653 9.99998099 -14.50449687
v 280.02319572 4.93612618 -35.51249186
v 279.94649767 9.98295921 -48.80794515
v 280.01218419 9.99990271 -35.56293096
v 280.10408617 5.06088882 13.20329472
v 280.04673223 9.99999839 13.19753019
v 280.15176804 2.31637176 -14.40428296
v 279.92358741 2.45578166 43.14856273
v 280.06111856 2.37261237 13.21999251
v 279.84194894 2.53345388 70.27901292
v 279.40406201 1.1415642 -35.06544604
v 279.81550734 2.09941142 -48.40822894
v 279.98664716 2.20858742 -35.33847303
v 279.93416405 4.81272912 -54.23952096
v 279.05115354 1.01255699 -53.43323459
v 279.72120474 2.03850005 -54.93486129
v 279.73593897 2.04793726 -53.9249876
v 279.9761401 10.00001578 -55.36717287
v 279.93346822 15.1610261 -54.19876261
v 279.97815801 10.00001578 -54.34485249
v 276.12599855 0.49700653 -47.49581084
v 263.0547466 0.16066755 -52.56124866
v 276.01920577 0.47074758 -53.84532791
v 276.03569699 0.4747921 -52.86286129
v 263.19600045 0.17761975 -34.5725971
v 276.31790895 0.54395778 -34.74751398
v 279.71878672 17.95241612 -54.92454124
v 279.00394135 18.95598819 -53.3663956
v 279.72577983 17.92012083 -53.84823301
v 276.05307538 19.47286072 -47.57072583
v 276.00038352 19.5287795 -53.84224016
v 263.05478139 19.83932922 -52.56124431
v 275.98697137 19.5238478 -52.84054249
v 233.16760664 19.97897396 -14.09798542
v 263.19600045 19.82239442 -34.57259057
v 233.08897765 19.97399876 -47.42083497
v 233.1272658 19.97575574 -34.67996394
v 276.5067229 19.4113144 -14.1491084
v 276.31683042 19.45602159 -34.74668333
v 263.33222692 19.81026955 13.31429511
v 276.52796317 19.38953487 43.13718153
v 276.58020274 19.39408387 13.2863379
v 233.13812077 19.98110494 43.20046743
v 233.18324546 19.98269666 13.31862123
v 233.06794614 19.97312897 -53.76705553
v 233.07121655 19.97326814 -52.78509774
v 276.08978051 19.23630402 89.80513087
v 262.56804707 19.18349908 99.08846603
v 275.13158537 17.57584067 100.56044595
v 275.6253302 18.5022189 98.73139126
v 262.42571468 17.53483008 102.31454216
v 275.64636172 14.65572177 102.03079936
v 275.26368903 16.8245685 101.28485901
v 278.26635968 9.98466399 100.61398151
v 279.45577971 9.99743251 98.91642163
v 262.54925961 9.99999839 102.42614488
v 275.81844091 10.00001578 102.24291498
v 232.63893106 14.87367367 102.50053799
v 187.06922169 9.99999839 102.51606374
v 232.65653561 9.99999839 102.48890891
v 129.08776972 14.94597059 102.53726921
v 63.88776769 9.99999839 102.51757717
v 129.0895093 9.99999839 102.52147383
v -3.17007526 14.94076055 102.52504867
v -67.8046743 9.99999839 102.5153853
v -3.17030195 9.99999839 102.51454161
v 63.88119208 17.55861013 102.0674784
v -3.16795732 18.65327528 101.71043842
v -3.17022095 17.61183257 102.13827058
v 63.88499306 19.52121233 99.47644443
v -3.1716947 19.49914577 99.44605398
v 129.08055917 18.41137806 101.42302511
v 187.0754146 19.51526297 99.44821106
v 129.08551697 19.50556482 99.48039328
v 187.04860768 17.55259989 102.21069797
v 129.08355124 17.51899121 102.2068274
v 232.59417168 18.50421072 101.54295171
v 232.59827709 17.5665948 102.35289989
v 232.84040915 19.81599276 90.13418102
v 232.68609106 19.47731405 99.32671013
v 263.08981652 19.77871358 70.30385847
v 276.36247698 19.35026386 70.2321704
v 233.00980939 19.95241058 70.41484798
v -126.7832097 9.99999839 102.51917759
v 233.08902984 0.02599801 -47.42083931
v 233.1272658 0.02424103 -34.67996829
v 233.06794614 0.0268678 -53.76705553
v 233.07121655 0.02674603 -52.78509774
g Group37940
f 1 213 217 216
f 213 2 214 217
f 217 214 3 215
f 216 217 215 4
f 2 218 221 214
f 218 5 219 221
f 221 219 6 220
f 214 221 220 3
f 6 219 225 224
f 219 5 222 225
f 225 222 7 223
f 224 225 223 8
f 9 226 229 228
f 226 3 220 229
f 229 220 6 227
f 228 229 227 10
f 11 230 234 233
f 230 9 231 234
f 234 231 12 232
f 233 234 232 13
f 3 226 236 215
f 226 9 230 236
f 236 230 11 235
f 215 236 235 4
f 12 237 241 240
f 237 14 238 241
f 241 238 15 239
f 240 241 239 16
f 14 242 246 245
f 242 10 243 246
f 246 243 17 244
f 245 246 244 18
f 10 242 247 228
f 242 14 237 247
f 247 237 12 231
f 228 247 231 9
f 10 227 249 243
f 227 6 224 249
f 249 224 8 248
f 243 249 248 17
f 8 250 253 248
f 250 19 251 253
f 253 251 20 252
f 248 253 252 17
f 21 254 257 256
f 254 20 251 257
f 257 251 19 255
f 256 257 255 22
f 23 258 262 261
f 258 24 259 262
f 262 259 25 260
f 261 262 260 21
f 26 263 265 264
f 263 23 261 265
f 265 261 21 256
f 264 265 256 22
f 27 266 268 267
f 266 20 254 268
f 268 254 21 260
f 267 268 260 25
f 28 269 272 271
f 269 29 270 272
f 272 270 22 255
f 271 272 255 19
f 8 223 274 250
f 223 7 273 274
f 274 273 28 271
f 250 274 271 19
f 26 264 277 276
f 264 22 270 277
f 277 270 29 275
f 276 277 275 30
f 18 244 279 278
f 244 17 252 279
f 279 252 20 266
f 278 279 266 27
f 31 280 283 282
f 280 18 278 283
f 283 278 27 281
f 282 283 281 32
f 15 238 285 284
f 238 14 245 285
f 285 245 18 280
f 284 285 280 31
f 13 232 288 287
f 232 12 240 288
f 288 240 16 286
f 287 288 286 33
f 34 289 292 291
f 289 35 290 292
f 292 290 33 286
f 291 292 286 16
f 36 293 296 295
f 293 37 294 296
f 296 294 35 289
f 295 296 289 34
f 36 297 300 293
f 297 38 298 300
f 300 298 39 299
f 293 300 299 37
f 40 301 304 303
f 301 39 298 304
f 304 298 38 302
f 303 304 302 41
f 42 305 308 307
f 305 41 302 308
f 308 302 38 306
f 307 308 306 43
f 36 309 311 297
f 309 44 310 311
f 311 310 43 306
f 297 311 306 38
f 34 312 314 295
f 312 45 313 314
f 314 313 44 309
f 295 314 309 36
f 44 313 318 317
f 313 45 315 318
f 318 315 46 316
f 317 318 316 47
f 31 319 321 284
f 319 46 315 321
f 321 315 45 320
f 284 321 320 15
f 16 239 322 291
f 239 15 320 322
f 322 320 45 312
f 291 322 312 34
f 48 323 327 326
f 323 49 324 327
f 327 324 50 325
f 326 327 325 51
f 50 324 331 330
f 324 49 328 331
f 331 328 52 329
f 330 331 329 53
f 51 325 335 334
f 325 50 332 335
f 335 332 54 333
f 334 335 333 55
f 56 336 340 339
f 336 57 337 340
f 340 337 58 338
f 339 340 338 54
f 53 341 342 330
f 341 56 339 342
f 342 339 54 332
f 330 342 332 50
f 53 343 346 341
f 343 59 344 346
f 346 344 60 345
f 341 346 345 56
f 59 347 350 349
f 347 61 348 350
f 350 348 40 303
f 349 350 303 41
f 59 343 352 347
f 343 53 329 352
f 352 329 52 351
f 347 352 351 61
f 60 344 354 353
f 344 59 349 354
f 354 349 41 305
f 353 354 305 42
f 60 355 357 345
f 355 62 356 357
f 357 356 57 336
f 345 357 336 56
f 63 358 361 360
f 358 57 356 361
f 361 356 62 359
f 360 361 359 64
f 64 362 365 360
f 362 65 363 365
f 365 363 66 364
f 360 365 364 63
f 67 366 369 368
f 366 68 367 369
f 369 367 65 362
f 368 369 362 64
f 64 359 372 368
f 359 62 370 372
f 372 370 69 371
f 368 372 371 67
f 66 373 376 364
f 373 70 374 376
f 376 374 71 375
f 364 376 375 63
f 26 377 379 263
f 377 70 373 379
f 379 373 66 378
f 263 379 378 23
f 23 378 381 258
f 378 66 363 381
f 381 363 65 380
f 258 381 380 24
f 63 375 383 358
f 375 71 382 383
f 383 382 58 337
f 358 383 337 57
f 72 384 387 386
f 384 58 382 387
f 387 382 71 385
f 386 387 385 73
f 54 338 389 333
f 338 58 384 389
f 389 384 72 388
f 333 389 388 55
f 60 353 391 355
f 353 42 390 391
f 391 390 69 370
f 355 391 370 62
f 42 307 394 390
f 307 43 392 394
f 394 392 74 393
f 390 394 393 69
f 47 395 399 398
f 395 75 396 399
f 399 396 76 397
f 398 399 397 74
f 75 395 402 401
f 395 47 316 402
f 402 316 46 400
f 401 402 400 77
f 32 403 404 282
f 403 77 400 404
f 404 400 46 319
f 282 404 319 31
f 78 405 408 407
f 405 75 401 408
f 408 401 77 406
f 407 408 406 79
f 65 367 411 380
f 367 68 409 411
f 411 409 78 410
f 380 411 410 24
f 79 412 413 407
f 412 25 259 413
f 413 259 24 410
f 407 413 410 78
f 32 414 415 403
f 414 79 406 415
f 403 415 406 77
f 27 267 416 281
f 267 25 412 416
f 416 412 79 414
f 281 416 414 32
f 76 396 418 417
f 396 75 405 418
f 418 405 78 409
f 417 418 409 68
f 67 419 420 366
f 419 76 417 420
f 366 420 417 68
f 67 371 421 419
f 371 69 393 421
f 421 393 74 397
f 419 421 397 76
f 74 392 422 398
f 392 43 310 422
f 422 310 44 317
f 398 422 317 47
f 71 374 425 385
f 374 70 423 425
f 425 423 80 424
f 385 425 424 73
f 80 423 427 426
f 423 70 377 427
f 427 377 26 276
f 426 427 276 30
g Group37955
f 81 428 432 431
f 428 82 429 432
f 432 429 83 430
f 431 432 430 84
f 81 433 436 428
f 433 85 434 436
f 436 434 86 435
f 428 436 435 82
f 87 437 440 439
f 437 88 438 440
f 440 438 86 434
f 439 440 434 85
f 89 441 444 443
f 441 90 442 444
f 444 442 87 439
f 443 444 439 85
f 89 445 448 441
f 445 91 446 448
f 448 446 92 447
f 441 448 447 90
f 92 446 452 451
f 446 91 449 452
f 452 449 93 450
f 451 452 450 94
f 92 453 456 447
f 453 95 454 456
f 456 454 96 455
f 447 456 455 90
f 95 457 460 454
f 457 97 458 460
f 460 458 98 459
f 454 460 459 96
f 99 461 464 463
f 461 100 462 464
f 464 462 97 457
f 463 464 457 95
f 99 465 468 461
f 465 101 466 468
f 468 466 102 467
f 461 468 467 100
f 103 469 473 472
f 469 104 470 473
f 473 470 105 471
f 472 473 471 101
f 94 474 476 475
f 474 103 472 476
f 476 472 101 465
f 475 476 465 99
f 105 477 479 471
f 477 106 478 479
f 479 478 102 466
f 471 479 466 101
f 99 463 480 475
f 463 95 453 480
f 480 453 92 451
f 475 480 451 94
f 107 481 484 483
f 481 96 459 484
f 484 459 98 482
f 483 484 482 108
f 109 485 488 487
f 485 107 483 488
f 488 483 108 486
f 487 488 486 110
f 109 487 492 491
f 487 110 489 492
f 492 489 111 490
f 491 492 490 112
f 109 493 495 485
f 493 88 437 495
f 495 437 87 494
f 485 495 494 107
f 88 493 498 497
f 493 109 491 498
f 498 491 112 496
f 497 498 496 113
f 107 494 499 481
f 494 87 442 499
f 499 442 90 455
f 481 499 455 96
f 93 500 502 450
f 500 114 501 502
f 502 501 103 474
f 450 502 474 94
f 103 501 505 469
f 501 114 503 505
f 505 503 115 504
f 469 505 504 104
f 116 506 509 508
f 506 104 504 509
f 509 504 115 507
f 508 509 507 117
f 116 510 512 506
f 510 118 511 512
f 512 511 105 470
f 506 512 470 104
f 116 513 516 510
f 513 119 514 516
f 516 514 120 515
f 510 516 515 118
f 118 517 519 511
f 517 121 518 519
f 519 518 106 477
f 511 519 477 105
f 120 520 522 515
f 520 122 521 522
f 522 521 121 517
f 515 522 517 118
f 119 513 525 524
f 513 116 508 525
f 525 508 117 523
f 524 525 523 123
f 124 526 529 528
f 526 123 523 529
f 529 523 117 527
f 528 529 527 125
f 115 530 532 507
f 530 126 531 532
f 532 531 125 527
f 507 532 527 117
f 114 533 535 503
f 533 127 534 535
f 535 534 126 530
f 503 535 530 115
f 127 536 539 534
f 536 128 537 539
f 539 537 129 538
f 534 539 538 126
f 130 540 543 542
f 540 131 541 543
f 543 541 128 536
f 542 543 536 127
f 132 544 547 546
f 544 133 545 547
f 547 545 129 537
f 546 547 537 128
f 132 546 550 549
f 546 128 541 550
f 550 541 131 548
f 549 550 548 134
f 93 551 552 500
f 551 130 542 552
f 552 542 127 533
f 500 552 533 114
f 135 553 555 554
f 553 130 551 555
f 555 551 93 449
f 554 555 449 91
f 136 556 560 559
f 556 137 557 560
f 560 557 135 558
f 559 560 558 138
f 136 559 563 562
f 559 138 561 563
f 563 561 81 431
f 562 563 431 84
f 89 564 565 445
f 564 138 558 565
f 565 558 135 554
f 445 565 554 91
f 81 561 566 433
f 561 138 564 566
f 566 564 89 443
f 433 566 443 85
f 84 567 570 562
f 567 139 568 570
f 570 568 134 569
f 562 570 569 136
f 140 571 573 572
f 571 132 549 573
f 573 549 134 568
f 572 573 568 139
f 139 574 577 572
f 574 141 575 577
f 577 575 142 576
f 572 577 576 140
f 83 578 579 430
f 578 141 574 579
f 579 574 139 567
f 430 579 567 84
f 131 580 581 548
f 580 137 556 581
f 581 556 136 569
f 548 581 569 134
f 135 557 582 553
f 557 137 580 582
f 582 580 131 540
f 553 582 540 130
f 143 583 586 585
f 583 82 435 586
f 586 435 86 584
f 585 586 584 144
f 143 585 590 589
f 585 144 587 590
f 590 587 145 588
f 589 590 588 146
f 145 587 594 593
f 587 144 591 594
f 594 591 113 592
f 593 594 592 147
f 148 595 598 597
f 595 145 593 598
